byte: -128 [ -112 -16 44 55 -115 104 -101 -108 -46 19 85 -115 -58 -35 80 4 ]
byte: -127 [ -19 121 84 2 -91 -125 20 -32 -96 67 49 111 38 75 -73 127 ]
byte: -126 [ 113 51 -75 7 -122 127 -48 -44 26 -40 48 -80 -9 51 85 70 ]
byte: -125 [ -88 -36 -115 -79 -54 -8 -127 93 91 -58 -73 109 66 5 -1 -66 ]
byte: -124 [ -67 -24 65 -32 -59 -80 -41 109 4 -1 -116 -59 17 -40 -100 -91 ]
byte: -123 [ -36 -70 -32 -39 -47 -93 -82 70 -94 2 96 -20 -65 -128 -23 23 ]
byte: -122 [ 75 18 36 39 -81 -14 70 33 -89 -128 73 123 10 -73 -44 125 ]
byte: -121 [ -75 67 -99 -86 -97 125 87 -23 -97 70 -75 122 -128 -48 17 92 ]
byte: -120 [ -12 -60 -67 -24 79 -37 -31 73 27 -2 95 5 -122 26 -40 -105 ]
byte: -119 [ 107 82 -1 16 5 -106 -4 51 40 102 91 -71 -97 102 -103 -21 ]
byte: -118 [ 89 49 -20 -88 45 34 6 -105 -74 40 -61 76 -128 23 84 23 ]
byte: -117 [ -121 45 106 3 -108 63 98 -20 -38 36 63 117 95 14 -34 -83 ]
byte: -116 [ 118 120 79 -98 79 -47 19 -97 81 -21 58 -35 -18 30 -17 -7 ]
byte: -115 [ 54 0 -95 -127 115 110 126 14 -103 -57 42 -128 -69 11 10 114 ]
byte: -114 [ 91 99 98 85 -67 -82 107 -56 120 18 -125 -76 40 -27 41 -123 ]
byte: -113 [ 5 21 -108 -4 -54 -125 -74 -31 -73 -44 26 -113 25 41 -12 24 ]
byte: -112 [ -124 52 -27 -63 -102 89 108 -59 5 96 124 112 -107 68 -26 -119 ]
byte: -111 [ 42 -58 -69 117 99 115 -69 -62 100 72 23 -126 -122 -95 54 -126 ]
byte: -110 [ -33 -7 106 89 61 61 6 25 -57 69 -22 -90 -122 -23 30 -87 ]
byte: -109 [ 86 -98 -122 -77 99 95 28 -127 -35 -92 -16 -45 -87 -38 -25 -50 ]
byte: -108 [ 116 63 17 24 -92 -97 -14 -21 -118 12 61 -76 -128 68 -68 -98 ]
byte: -107 [ 46 28 -111 107 91 63 -64 -101 -108 113 -72 -59 95 -52 2 32 ]
byte: -106 [ -44 -100 39 84 29 -88 12 -27 -19 36 -17 69 7 -121 62 -72 ]
byte: -105 [ 109 55 -1 50 113 -30 -41 5 -69 105 -3 65 119 -6 -99 61 ]
byte: -104 [ -79 104 -67 61 -53 -116 -29 37 -82 12 -106 104 -16 101 73 -73 ]
byte: -103 [ 47 -32 -62 -57 -23 -56 -30 110 -80 -32 53 120 71 25 9 -42 ]
byte: -102 [ -118 10 21 37 123 -46 -4 88 75 -76 -63 86 -65 -37 -70 -107 ]
byte: -101 [ 81 91 12 79 -128 -23 -96 -57 -24 15 114 -45 102 -121 61 77 ]
byte: -100 [ 72 112 47 121 -25 -107 -64 18 116 61 -57 -111 113 50 38 -120 ]
byte: -99 [ -53 -101 -11 -78 -107 -30 66 -46 -107 -99 -45 8 -96 43 104 -117 ]
byte: -98 [ -123 50 -18 -96 25 112 -39 79 -120 -113 62 5 51 21 23 73 ]
byte: -97 [ 49 75 -60 -122 79 -100 79 31 -9 -125 -101 32 -16 74 -21 -94 ]
byte: -96 [ -31 -118 25 74 34 116 -47 127 48 27 -37 -15 40 70 -113 -127 ]
byte: -95 [ -43 29 -10 64 -116 -81 115 -42 107 41 111 37 114 34 -100 118 ]
byte: -94 [ 17 112 51 -35 28 -99 43 42 8 57 -91 -63 -10 81 101 -17 ]
byte: -93 [ 5 42 13 -121 -50 35 -41 -7 0 -101 -89 -73 82 92 -67 12 ]
byte: -92 [ -84 8 -95 9 116 104 -15 -2 -93 55 24 -114 66 -23 19 17 ]
byte: -91 [ -87 14 -99 16 -108 -81 -69 -105 13 10 32 93 -55 -21 126 51 ]
byte: -90 [ 5 5 93 -93 -28 -97 87 120 -126 -26 -63 -96 103 -103 -40 -93 ]
byte: -89 [ 51 -32 85 101 108 -64 0 86 -89 -2 28 -58 71 31 116 -65 ]
byte: -88 [ -39 33 -2 76 8 127 -10 -76 58 -49 55 37 -58 7 123 -120 ]
byte: -87 [ -118 -59 -110 103 16 -4 -11 52 -113 -57 -5 -128 -7 83 -122 21 ]
byte: -86 [ -26 -64 -121 24 -69 123 7 112 -68 118 34 -102 0 -70 -34 -44 ]
byte: -85 [ 87 -15 34 48 -97 80 78 74 -37 -108 -92 -102 11 -104 86 -27 ]
byte: -84 [ 15 -44 54 -64 -124 -85 24 19 -58 101 -117 116 -8 -13 124 67 ]
byte: -83 [ -26 103 15 92 75 8 -103 -22 104 118 62 12 -119 72 18 -124 ]
byte: -82 [ 90 -125 99 -79 -73 12 79 118 -92 -31 -114 60 -50 -96 -77 15 ]
byte: -81 [ 25 14 8 -90 -101 -32 104 -2 83 5 -83 58 -100 113 37 -86 ]
byte: -80 [ -127 9 102 -98 -3 -52 -123 -63 2 92 -31 -52 -105 1 64 -9 ]
byte: -79 [ -24 -60 23 0 117 -111 54 -25 -76 37 -102 -26 -123 58 -94 95 ]
byte: -78 [ 127 10 79 92 -35 94 -82 108 6 93 -94 104 -90 -127 50 -21 ]
byte: -77 [ 32 -7 50 8 -62 -40 -74 -38 122 116 71 6 67 65 -100 -112 ]
byte: -76 [ 23 -63 12 25 -82 87 -104 -76 -46 -63 4 -58 -73 72 -125 27 ]
byte: -75 [ 7 -64 -122 51 35 51 -63 21 -38 52 -34 101 -19 -84 67 -34 ]
byte: -74 [ -72 -23 -62 77 -84 82 -11 15 -54 -11 54 -14 -12 11 -68 100 ]
byte: -73 [ -126 -66 103 45 -7 32 117 116 16 -76 34 84 -48 -79 -107 -60 ]
byte: -72 [ 109 -73 -77 36 42 15 75 -22 -74 102 -48 92 37 -10 -107 -85 ]
byte: -71 [ 13 -90 -97 -25 94 -27 -122 58 -5 51 -70 119 48 -47 36 72 ]
byte: -70 [ 68 35 114 63 12 102 -35 74 -23 -67 79 3 104 82 -14 67 ]
byte: -69 [ 30 -90 -34 19 -121 -120 -38 -38 127 -117 -88 -105 72 30 -14 -34 ]
byte: -68 [ -66 -7 81 44 -114 62 78 -86 -1 -116 104 -16 54 -64 14 -62 ]
byte: -67 [ 23 79 -52 -23 -9 -96 -21 -89 -59 70 31 -9 -125 12 84 -57 ]
byte: -66 [ -66 10 -68 102 55 21 -58 -124 110 -103 -30 -63 -77 -6 -35 -99 ]
byte: -65 [ 124 55 76 -54 -22 73 -105 18 -40 38 -73 -12 -108 32 92 76 ]
byte: -64 [ 89 -48 -124 -108 -128 -72 85 -53 18 62 54 -23 94 42 64 20 ]
byte: -63 [ -27 -63 -69 13 103 -94 37 80 30 -111 42 -34 -48 43 -68 -124 ]
byte: -62 [ 57 -79 -40 -78 76 -122 95 -55 -121 -1 84 83 -52 54 70 84 ]
byte: -61 [ 67 -18 -5 45 94 35 -123 29 -10 74 115 -41 59 90 106 -25 ]
byte: -60 [ 108 45 30 14 -111 -63 -7 -69 14 33 75 73 5 16 -52 62 ]
byte: -59 [ 70 -96 -60 53 37 61 11 -55 104 104 -46 -79 116 27 -77 44 ]
byte: -58 [ -53 82 -109 29 -119 -5 -104 -84 -59 107 -10 -122 -1 107 24 18 ]
byte: -57 [ 5 -1 36 -81 47 77 48 75 -7 -10 -100 -127 112 13 -123 -93 ]
byte: -56 [ -123 -115 61 58 105 -67 -8 -21 39 19 63 98 8 -75 -51 -127 ]
byte: -55 [ -57 97 -20 -112 -6 -70 -94 127 9 -80 8 17 -45 76 -79 -56 ]
byte: -54 [ 122 -37 51 -121 -65 -116 44 -108 114 7 -95 -9 108 68 -64 100 ]
byte: -53 [ -40 88 54 51 -45 -120 61 -30 -27 -86 -49 -65 38 60 30 43 ]
byte: -52 [ -74 -86 50 77 -122 42 -15 -127 57 53 116 -24 -76 9 -39 -32 ]
byte: -51 [ -54 -21 -16 119 -32 -108 -75 43 14 97 -89 -88 -118 -46 98 40 ]
byte: -50 [ 42 -49 -65 -107 -7 116 -13 97 -69 74 53 63 -128 -106 -36 -72 ]
byte: -49 [ 9 -73 -77 -35 -96 87 8 34 28 104 -8 7 -73 -101 -126 -80 ]
byte: -48 [ 21 -119 -112 -25 65 -121 -73 81 -69 19 -16 36 -25 -69 -70 -33 ]
byte: -47 [ -88 10 -72 -94 -1 -72 -60 -29 98 -80 -59 105 -63 75 114 72 ]
byte: -46 [ -86 7 120 -100 49 21 -103 95 115 -40 13 125 -81 -77 88 36 ]
byte: -45 [ 111 29 -11 -33 88 -104 -101 66 49 -110 -23 -112 58 -101 98 -96 ]
byte: -44 [ -119 -57 -106 18 -110 5 -56 15 -117 19 19 -51 84 74 2 -49 ]
byte: -43 [ 30 -99 100 -13 -51 81 -48 -128 -60 79 71 120 28 72 -60 -15 ]
byte: -42 [ 23 93 7 -95 -59 27 119 -47 -83 52 -113 -64 -121 -18 59 28 ]
byte: -41 [ 9 124 7 -40 -6 67 -123 103 106 -46 -122 56 -1 -88 41 -123 ]
byte: -40 [ 47 -104 18 113 -36 -128 -44 82 -10 -87 32 -95 38 -73 -55 -101 ]
byte: -39 [ -127 -128 -9 -57 1 23 63 -109 37 81 -98 35 -110 -102 -109 -14 ]
byte: -38 [ 95 86 -111 11 -76 -48 -116 -15 121 91 -57 20 114 -63 -49 8 ]
byte: -37 [ 31 64 76 -99 38 -105 -91 29 33 -52 -37 -31 71 4 -74 71 ]
byte: -36 [ -104 87 -6 -54 -64 77 20 -90 5 -90 126 28 90 -113 -125 -14 ]
byte: -35 [ -58 -85 68 8 93 13 -123 27 -56 -55 -115 -16 21 118 16 61 ]
byte: -34 [ -11 -32 19 1 -121 73 -43 115 93 -3 124 46 114 100 -19 106 ]
byte: -33 [ -52 12 118 -34 -73 21 46 -58 98 6 -70 31 34 -100 26 -79 ]
byte: -32 [ -15 -86 120 -68 -43 63 -123 -89 5 -119 -68 -5 -92 -64 18 -19 ]
byte: -31 [ -42 75 -103 -33 -114 -56 -127 -72 -80 96 91 63 53 110 59 20 ]
byte: -30 [ 31 97 125 90 -48 -89 -76 119 117 43 -21 127 72 -113 -50 -51 ]
byte: -29 [ -121 9 16 90 107 -64 127 55 -77 17 51 5 108 10 118 86 ]
byte: -28 [ -75 -120 102 74 118 99 91 62 -51 27 108 -83 -6 -73 101 36 ]
byte: -27 [ -96 38 92 62 91 67 1 94 38 -70 -71 40 -85 -125 -92 85 ]
byte: -26 [ -122 110 41 73 -124 -97 -56 51 78 29 9 18 81 120 116 -53 ]
byte: -25 [ -118 -15 -125 40 5 33 57 -46 -14 -69 61 45 90 -40 -56 -112 ]
byte: -24 [ 20 -85 -8 76 34 10 -46 -76 22 11 32 -71 88 -73 46 6 ]
byte: -23 [ 62 -108 -66 87 -68 -6 -75 41 -82 59 -11 52 -38 -30 -62 -86 ]
byte: -22 [ -106 75 -2 66 -10 -118 -57 -34 -124 -9 -42 10 -124 58 78 75 ]
byte: -21 [ -88 -124 -97 68 80 119 -27 46 17 100 -29 108 119 89 0 2 ]
byte: -20 [ -7 -69 -42 46 114 3 119 -8 -110 -36 -48 58 95 -48 -66 118 ]
byte: -19 [ -45 -98 40 -100 93 27 127 -13 -107 106 -10 37 8 96 101 -10 ]
byte: -18 [ 107 -24 -11 59 89 -115 -103 121 66 14 97 -101 21 -10 71 26 ]
byte: -17 [ 8 -67 110 45 106 53 87 56 110 120 -114 116 -104 -81 -73 31 ]
byte: -16 [ -90 5 29 -106 -39 1 95 -114 -63 -89 49 -2 -61 -110 -117 -101 ]
byte: -15 [ 33 -31 29 -62 100 68 -104 -26 90 70 28 -109 -18 54 13 -21 ]
byte: -14 [ -17 -118 118 115 -20 -35 114 -81 -114 121 55 -87 36 -107 -2 8 ]
byte: -13 [ 66 34 -46 -33 -67 -47 -124 82 -30 -119 15 26 -102 14 85 46 ]
byte: -12 [ -75 -110 125 -76 -115 78 -111 -102 0 -50 -123 23 92 44 12 -29 ]
byte: -11 [ -8 115 86 85 -96 87 -104 24 58 -109 105 -64 -41 -54 -16 21 ]
byte: -10 [ 125 59 -64 -20 -58 34 69 -52 -60 59 -125 -14 -118 -54 -69 -41 ]
byte: -9 [ 54 7 127 8 40 -19 86 -128 -98 8 85 -107 -79 30 -30 111 ]
byte: -8 [ 5 -46 -128 116 -25 42 51 99 -62 82 -36 -60 -7 -67 -28 31 ]
byte: -7 [ 83 85 -68 -97 27 36 -64 -65 -85 -117 122 -27 -105 -23 -55 -65 ]
byte: -6 [ -111 70 99 80 -81 -78 -94 -57 81 -37 -68 -109 105 88 -43 103 ]
byte: -5 [ 58 61 87 41 -34 63 115 18 78 -22 33 13 -102 -94 -75 -60 ]
byte: -4 [ 88 20 115 40 -124 48 -58 -23 -78 -21 112 119 11 43 22 59 ]
byte: -3 [ -93 -43 64 55 117 39 16 105 -93 -66 103 77 -95 -126 25 -122 ]
byte: -2 [ -123 41 40 -109 43 126 46 120 46 -52 -124 -119 32 -12 117 -48 ]
byte: -1 [ -82 10 97 88 1 -89 -99 10 118 -83 -24 -8 -3 -1 83 0 ]
byte: 0 [ -118 -30 -30 -90 -2 96 -67 -113 101 127 -105 67 -104 77 -10 80 ]
byte: 1 [ 116 2 -49 -77 16 -95 -46 -45 64 11 -49 124 46 -50 105 46 ]
byte: 2 [ -109 -66 92 -82 98 34 -44 -14 91 -109 -28 106 123 11 5 -127 ]
byte: 3 [ -34 9 -26 90 -12 -120 69 -24 -72 81 72 10 36 99 52 -94 ]
byte: 4 [ 66 115 -124 -20 -13 105 122 -72 24 -43 -22 -77 33 -92 88 -69 ]
byte: 5 [ -81 85 -119 -57 -13 1 0 49 126 -68 -40 -27 -48 28 65 -1 ]
byte: 6 [ 16 33 53 94 -124 -61 85 80 20 -122 -4 38 -38 73 43 85 ]
byte: 7 [ -53 -62 65 -32 -88 46 39 -68 -10 11 48 84 -98 103 113 -122 ]
byte: 8 [ 25 88 26 38 80 18 116 -15 -5 -28 101 -115 77 -121 -112 35 ]
byte: 9 [ 117 43 -103 117 51 13 -73 55 117 -83 -97 -102 -84 -105 20 -16 ]
byte: 10 [ -56 29 119 52 103 1 90 87 57 -16 -111 3 -62 -25 -23 -49 ]
byte: 11 [ 48 -43 -79 -15 115 -37 27 -97 -116 125 -68 99 104 -128 76 -48 ]
byte: 12 [ -66 -10 119 26 40 -95 -46 1 -11 56 102 15 -65 -36 71 4 ]
byte: 13 [ -119 -52 20 116 99 75 51 -23 91 126 -27 -4 66 2 -118 78 ]
byte: 14 [ -117 97 -87 108 -88 18 -25 -48 72 127 -103 58 17 34 -56 122 ]
byte: 15 [ 1 -99 -44 61 26 96 10 -56 123 71 -29 -111 -15 -95 -93 -44 ]
byte: 16 [ -122 -46 109 -127 -63 10 -110 117 93 -96 -49 65 49 -63 -53 -88 ]
byte: 17 [ 64 -105 -108 123 35 -99 117 -102 -31 -123 60 -45 -68 11 -53 63 ]
byte: 18 [ -22 -66 82 32 -34 -81 -25 -35 -117 86 118 -102 -62 -109 -101 101 ]
byte: 19 [ 125 58 -106 49 68 98 -41 55 -84 59 -83 -98 31 106 31 36 ]
byte: 20 [ -44 -61 63 126 -114 -93 109 -124 -112 -34 55 27 89 -99 -127 -114 ]
byte: 21 [ 120 71 -99 -121 10 0 39 -38 76 107 73 -92 47 6 74 -112 ]
byte: 22 [ -88 77 59 -119 15 -39 83 106 -52 -110 99 109 11 20 15 -11 ]
byte: 23 [ 38 90 109 58 76 -91 106 9 -62 -49 116 26 -73 -42 89 -101 ]
byte: 24 [ -109 -83 94 107 -82 116 73 76 -80 -125 -26 -103 126 112 110 126 ]
byte: 25 [ -4 -38 9 14 0 13 -57 -8 -111 -41 -7 23 36 -108 102 -91 ]
byte: 26 [ 50 -9 42 93 -28 -20 28 112 -118 98 -127 38 -41 -41 -114 86 ]
byte: 27 [ 30 54 -105 -32 -34 -32 6 -86 82 74 2 112 -37 94 -57 63 ]
byte: 28 [ -97 60 -110 120 -80 -26 1 -31 -70 -4 -113 50 -53 22 -73 -90 ]
byte: 29 [ 95 12 24 42 102 -2 -3 -111 29 102 -37 -9 6 33 -8 -89 ]
byte: 30 [ -70 34 -71 65 -100 -110 -99 58 -76 35 68 115 -116 -120 -37 -12 ]
byte: 31 [ -26 -108 43 -6 5 97 -18 -70 -127 -4 -50 47 -67 -76 47 -110 ]
byte: 32 [ -114 -73 -19 33 112 96 96 -107 -115 -99 14 78 -92 124 112 -72 ]
byte: 33 [ -68 -58 85 42 -12 -50 78 -126 -15 69 38 67 92 -69 2 30 ]
byte: 34 [ -79 9 14 39 64 -83 112 -115 1 -67 16 -42 -99 95 103 -45 ]
byte: 35 [ 53 97 -90 1 -122 3 -120 9 44 -33 70 -57 -54 119 103 -106 ]
byte: 36 [ 114 28 77 73 -98 -6 94 -118 51 -98 -4 100 52 -37 41 -89 ]
byte: 37 [ -31 0 -22 -106 22 93 46 127 -51 93 -113 41 32 -43 80 -117 ]
byte: 38 [ 120 -76 126 79 40 -7 -119 17 59 75 97 66 -107 49 -32 110 ]
byte: 39 [ 71 108 82 -110 -29 -111 -11 -123 -95 5 -36 29 102 119 102 -34 ]
byte: 40 [ -71 -75 -90 16 -74 31 -85 -90 15 -43 -93 103 16 57 84 50 ]
byte: 41 [ -55 69 -42 59 -35 -15 -21 -11 87 -48 -60 57 -120 39 97 -114 ]
byte: 42 [ -34 18 -107 -29 -126 -79 -57 68 -113 116 -124 28 -22 127 8 23 ]
byte: 43 [ 65 39 86 11 67 101 56 -111 2 -112 -68 30 -96 36 -1 -77 ]
byte: 44 [ -60 119 74 -16 78 -26 -7 66 -21 -61 109 24 -10 -89 39 -34 ]
byte: 45 [ 113 3 -112 -48 12 -47 67 109 67 -15 -67 -39 123 -51 -100 58 ]
byte: 46 [ 2 53 -50 -128 14 -116 -50 -74 -11 -99 42 -56 -119 -51 27 48 ]
byte: 47 [ 64 93 -88 -52 -30 91 -104 50 58 -31 -114 -58 107 29 -18 -90 ]
byte: 48 [ 66 -22 -104 86 40 90 18 -46 -94 23 110 22 -45 -64 1 109 ]
byte: 49 [ 45 52 60 -16 113 11 -123 -69 98 54 73 -19 14 -31 85 -121 ]
byte: 50 [ 119 -99 111 -29 73 52 121 -124 -91 -29 9 57 112 70 41 117 ]
byte: 51 [ 85 -38 48 -96 -20 -8 -28 43 -21 -113 -113 -123 -18 42 -80 -101 ]
byte: 52 [ -55 68 89 -52 -110 -46 67 -91 32 23 -29 120 127 -10 -68 -112 ]
byte: 53 [ -101 68 72 -66 105 58 59 -64 95 -85 98 -79 53 108 -54 -115 ]
byte: 54 [ 127 -20 -4 11 -54 -86 87 -62 87 -29 7 -77 -22 -81 19 -75 ]
byte: 55 [ 61 109 49 -84 -119 45 26 55 87 -2 -45 87 127 34 88 -73 ]
byte: 56 [ 107 -48 78 -3 82 4 34 37 -96 22 -69 16 -104 99 -66 -81 ]
byte: 57 [ 2 14 54 33 105 -56 93 85 23 88 -13 -122 2 -126 -88 115 ]
byte: 58 [ -91 27 111 98 112 41 -126 -99 -81 75 68 -11 52 36 96 -100 ]
byte: 59 [ -122 45 -109 -9 116 -41 96 -80 127 -124 -83 71 34 64 60 13 ]
byte: 60 [ -60 51 126 -95 97 -69 54 124 47 87 -22 -4 50 -12 -67 -82 ]
byte: 61 [ 51 -24 4 -12 126 15 54 -61 -92 -23 36 -124 82 100 37 105 ]
byte: 62 [ 57 -36 -81 7 -4 -102 -34 -102 60 -112 -29 -107 72 -5 50 1 ]
byte: 63 [ 115 -96 -93 -104 -47 -67 24 106 -86 73 45 -65 -43 112 38 -21 ]
byte: 64 [ 125 -59 47 -63 95 -123 -114 69 -25 -50 -16 -84 42 44 7 -54 ]
byte: 65 [ -71 41 -53 33 117 98 89 39 -43 56 -43 47 -69 107 -14 -118 ]
byte: 66 [ 86 -121 60 26 -70 -110 -14 -17 16 106 73 -36 -42 113 -100 -67 ]
byte: 67 [ -22 7 -93 -33 3 -116 18 66 12 -17 -66 -102 31 24 -114 61 ]
byte: 68 [ -35 48 -63 -127 112 -23 39 -114 -49 -24 56 -36 69 60 62 -62 ]
byte: 69 [ 27 -71 -61 34 33 -89 53 118 -67 68 67 -101 68 10 57 79 ]
byte: 70 [ -19 -128 -86 106 40 -90 6 48 122 -21 -11 -47 -74 -68 71 -5 ]
byte: 71 [ 27 79 103 11 19 67 75 -122 100 100 -78 11 36 100 -116 -105 ]
byte: 72 [ -42 -125 66 -70 -82 -56 83 29 -31 -14 -74 -79 27 31 -24 62 ]
byte: 73 [ 84 -75 -124 124 -75 114 -38 -100 -42 -48 84 19 -17 2 -81 91 ]
byte: 74 [ 66 -16 -97 94 -108 31 -32 46 32 60 -123 -124 10 30 -71 -77 ]
byte: 75 [ -58 75 -24 0 18 10 32 11 114 -118 38 80 -50 28 -69 88 ]
byte: 76 [ 81 -127 -54 18 -102 42 94 -54 76 59 91 60 24 71 12 -75 ]
byte: 77 [ 126 70 -126 117 -8 23 -42 85 44 69 -114 -110 113 -83 35 -56 ]
byte: 78 [ -62 -43 -51 -59 -51 -45 -4 121 -28 18 42 -100 -16 -103 -39 78 ]
byte: 79 [ -79 -55 109 -38 71 95 -122 19 -56 84 -104 -87 63 -66 -112 52 ]
byte: 80 [ 0 -57 -10 5 100 113 24 58 1 -47 -3 100 -123 -87 -61 89 ]
byte: 81 [ 84 16 104 32 -98 -34 49 -79 51 -96 29 87 22 -79 -48 86 ]
byte: 82 [ 92 47 -8 -22 91 -30 109 63 -65 -57 -18 -38 73 24 46 -81 ]
byte: 83 [ 127 -83 -93 -53 7 -127 -114 -64 -49 -40 -72 -79 20 88 33 11 ]
byte: 84 [ -121 97 -53 55 61 -101 -44 101 96 59 -39 -11 18 -92 -52 57 ]
byte: 85 [ -65 -44 119 23 53 102 -17 72 -97 54 -81 86 -126 -39 60 100 ]
byte: 86 [ -46 3 -62 1 -95 71 -59 -76 0 -62 77 60 44 33 62 -48 ]
byte: 87 [ 119 7 -110 -6 -65 106 52 112 96 65 -88 111 -121 42 -38 72 ]
byte: 88 [ -100 124 67 -46 6 33 57 82 107 -36 58 110 -104 37 -29 9 ]
byte: 89 [ 47 -2 -112 65 90 -2 -69 40 -123 -72 49 30 -34 31 52 31 ]
byte: 90 [ 115 -19 -18 -40 -113 79 -21 -116 -115 -54 127 67 105 50 65 -123 ]
byte: 91 [ -92 85 -77 56 -102 -120 44 119 19 -7 -95 8 65 -25 82 -93 ]
byte: 92 [ 57 -52 18 30 121 16 -3 86 -93 54 52 54 -121 -8 67 96 ]
byte: 93 [ -11 -75 -117 115 115 16 -119 -89 -14 -14 -50 96 -81 78 33 -65 ]
byte: 94 [ -100 -103 -81 -29 -78 123 107 -51 -128 -87 -126 -89 -14 73 7 -88 ]
byte: 95 [ 11 -104 -30 116 80 -37 51 -105 17 110 -32 126 79 -81 -119 -58 ]
byte: 96 [ -114 -58 116 -85 44 -87 -90 -10 80 -54 -74 53 -103 -91 -125 116 ]
byte: 97 [ 39 46 -101 8 -10 7 -85 -110 65 -21 38 115 53 54 -28 18 ]
byte: 98 [ 13 70 90 -1 -71 33 29 -1 -52 -48 49 -29 117 -91 67 40 ]
byte: 99 [ -83 -123 -93 104 -41 -119 121 -99 -64 30 47 38 77 60 -123 -124 ]
byte: 100 [ 108 116 -32 -22 123 77 113 108 -64 77 -108 83 19 -110 -66 9 ]
byte: 101 [ -72 55 101 -12 -79 -63 -39 91 88 -63 -61 -4 66 21 -36 126 ]
byte: 102 [ -8 -57 -127 57 52 -121 89 -3 -68 -54 -33 -106 -83 -69 28 41 ]
byte: 103 [ -119 -96 72 -30 -126 -40 -112 96 56 -57 64 112 -118 -50 57 -102 ]
byte: 104 [ 122 67 40 -2 83 -29 -14 81 -23 -113 103 2 -7 83 -37 -53 ]
byte: 105 [ -120 -22 88 84 -26 -77 48 29 -125 -71 -126 -74 -50 -48 -58 -79 ]
byte: 106 [ 17 105 -113 6 48 -117 61 -62 -37 12 89 -103 98 -42 73 96 ]
byte: 107 [ -110 18 40 114 115 -1 -6 -24 84 24 31 -121 -34 76 94 41 ]
byte: 108 [ 8 -60 -124 -123 -107 -111 104 -74 -44 -115 55 8 -127 13 29 -121 ]
byte: 109 [ -104 -113 42 -53 29 116 120 4 53 73 57 41 -107 116 49 120 ]
byte: 110 [ -51 -26 49 89 -109 103 -47 1 -54 -9 102 -47 57 -26 15 16 ]
byte: 111 [ 102 -16 -124 -78 -42 -36 -125 -81 -127 -2 112 29 39 -43 -2 6 ]
byte: 112 [ 99 119 3 -87 -110 -51 -2 -89 98 -74 62 -108 28 49 -68 -84 ]
byte: 113 [ 56 109 -52 22 44 -68 85 33 37 -70 -128 -65 -6 53 53 -61 ]
byte: 114 [ -125 63 -118 48 -26 103 4 -8 -77 82 33 -80 -35 -45 13 -48 ]
byte: 115 [ -22 69 -119 -42 86 49 8 0 90 -125 -98 7 57 30 -118 -74 ]
byte: 116 [ -50 -74 -98 -124 13 94 69 90 101 -101 119 81 -62 70 -13 40 ]
byte: 117 [ -21 -20 -59 -81 -90 -5 -124 -30 -127 63 83 52 -32 -43 -37 -87 ]
byte: 118 [ 74 42 54 -6 97 -114 -44 -43 -51 64 -20 126 60 -48 -95 18 ]
byte: 119 [ 126 -61 8 23 -91 -110 -16 -83 65 -90 110 -39 57 33 16 11 ]
byte: 120 [ -93 -53 -89 3 -110 -60 60 -51 91 8 85 44 -24 -24 74 -101 ]
byte: 121 [ -50 -96 -18 -65 -31 -65 19 -65 91 61 -73 12 82 91 -39 -45 ]
byte: 122 [ 78 -43 -70 -81 61 -63 25 -8 -81 20 -110 -24 46 69 -111 89 ]
byte: 123 [ -96 127 -72 -66 115 -12 -39 -19 2 -25 -90 -63 94 14 -42 -75 ]
byte: 124 [ -82 31 70 -15 -25 -56 11 94 -51 21 -24 98 -110 20 7 117 ]
byte: 125 [ -125 38 -36 -105 21 123 -71 100 -5 -84 -26 -21 86 -70 100 -88 ]
byte: 126 [ -63 61 86 60 42 124 20 -56 -87 78 94 -52 -95 58 -73 110 ]
byte: 127 [ -51 -49 88 9 -10 57 -5 -50 126 -77 127 16 62 122 59 26 ]
